1481
858
2115
952
401
2416
2410
2411
2373
1244
999
557
518
340
341
342
343
344
2128
767
854
520
874
2279
997
1310
1623
1622
1938
1778
1934
1956
2398
2301
606
2343
319
1594
847
923
758
1378
1857
117
1712
2216
2285
2049
892
1824
209
1547
471
421
504
1096
232
96
146
1912
324
2150
1000
1105
947
2236
1695
1449
1480
1042
675
65
663
2329
160
310
1895
1395
1317
492
1002
596
1773
797
2143
685
1673
386
1576
993
869
905
298
906
780
1849
1206
802
1354
2073
1666
176
2250
2306
1196
1794
285
769
2368
2414
288
2078
1068
511
2148
1267
555
970
1462
1164
2365
203
2160
2018
761
630
1341
599
594
161
1275
2425
1240
1344
1841
1250
390
1532
778
598
1483
1173
2146
2409
37
1765
1779
2419
815
242
1046
1134
1498
1670
856
1165
1928
1080
938
828
1495
1780
1186
676
2336
617
1374
1521
1757
773
1489
2004
80
840
2232
1199
1971
174
1318
470
614
1276
440
1649
1010
1764
1564
101
1964
1450
1951
1637
1871
1717
1016
1925
795
1783
2255
1798
2050
426
650
1610
322
120
1225
1414
2065
2381
64
1787
111
2061
0
10
21
24
30
539
1514
367
1003
240
799
876
1258
1533
175
1347
2038
1058
153
1590
1810
2046
2103
2367
199
98
1791
1210
1634
1825
745
1580
277
1679
361
238
2386
1760
218
1461
632
2266
740
123
4
2054
1119
1565
2347
2042
1187
749
1048
293
158
568
76
1805
38
1797
538
1528
314
211
2119
1665
718
581
992
623
346
1169
1370
1758
1135
635
2006
1148
2240
1559
1061
375
1185
1681
1870
1902
2276
1720
1020
1996
1306
250
931
582
2332
2345
1034
1929
1139
1409
1947
741
2335
570
179
204
12
1659
1570
1013
2107
2313
1345
2062
958
1904
230
1762
455
1107
1128
2211
924
1216
735
122
1475
262
897
2066
1398
870
1809
406
2372
1441
2213
2162
231
1799
248
1949
692
953
263
264
265
266
267
360
2088
200
1307
678
2245
1619
2262
729
1183
1086
977
115
1863
1664
109
71
338
258
1109
2000
654
1095
347
1443
1386
1982
1959
1512
1694
1832
256
1742
2079
994
1320
1617
1611
709
235
624
2287
2209
226
1881
1813
1254
1212
253
195
155
2158
309
2305
2359
1859
1027
1151
1025
865
370
302
848
2027
699
113
721
1874
794
1651
1155
2190
2310
1126
1977
2400
806
914
852
2091
185
257
2355
1044
809
1987
128
1084
2393
530
1676
789
1422
1973
645
525
832
402
403
2169
13
912
2293
2297
2298
2274
2304
2280
2281
551
2339
1351
998
1223
1158
46
354
836
541
1141
2394
885
1094
1907
641
586
1727
563
1059
988
2198
152
2147
2184
2375
1090
74
2331
2047
2005
605
519
2391
1572
1399
760
1604
294
2141
368
501
2185
2034
1390
901
1428
2238
2053
1736
633
313
119
929
1776
1162
1721
1848
679
1800
522
2349
1910
1519
1642
1707
139
430
920
968
549
845
753
2346
484
940
2406
781
1935
730
588
1203
956
704
1646
2371
345
2116
1682
1908
85
1343
290
764
686
1523
813
2156
691
2028
610
2142
2194
1838
1458
1391
162
1453
29
1654
1217
963
1233
591
507
1028
239
136
1491
985
1558
1989
2207
1845
1880
1159
1846
536
385
1222
1940
2317
744
2187
2132
1060
732
1898
1877
1731
2201
2218
1878
1867
1879
1876
1875
2035
2244
325
2152
1444
509
2407
327
1205
499
2135
2379
1851
2067
2370
1121
2382
408
272
27
964
287
896
1466
1872
2138
1782
1856
1869
1919
1524
2130
379
1047
942
2220
1423
1208
1285
2324
1569
318
1237
1884
1549
1125
2033
2109
1023
2302
251
233
87
1657
611
550
960
889
1009
2071
1981
2314
429
1051
1563
2299
967
2358
1146
2282
306
188
1855
1821
1252
1554
1297
1070
785
1168
668
506
2177
326
838
2341
902
1192
604
1085
2083
688
872
299
246
2214
871
97
2377
647
783
75
99
945
1647
366
130
428
351
2337
1734
1101
1992
500
2089
1103
1456
1685
1055
1922
562
19
467
482
1127
339
921
1300
948
156
2384
103
422
1793
1609
110
1257
1332
2173
1018
2403
1376
67
2325
1087
1605
818
819
820
275
1738
1620
1814
2174
483
2404
1602
720
356
734
244
517
1194
1487
33
2237
863
1795
1608
1586
1207
1574
681
1092
378
1049
418
607
1089
1032
424
2200
47
1037
25
81
1588
640
1356
705
461
1330
1131
2208
1975
512
1484
771
1063
2040
1948
456
387
289
1675
1269
1488
474
2267
716
337
1747
1420
886
684
1997
1299
1001
2196
600
2294
1662
77
2176
746
1439
41
1961
533
829
1705
1839
712
1828
1471
1213
425
1873
2186
1197
1081
18
332
212
1277
6
1201
1596
1295
1847
2163
811
1303
1703
23
488
1309
800
843
1017
447
1360
460
521
2125
917
58
228
2270
88
2357
1641
680
2309
765
2241
1075
2234
149
823
822
824
821
825
69
1470
331
731
1230
1336
1807
621
2315
202
1265
229
151
2330
210
1160
1494
1587
1401
1311
454
1945
2037
879
1282
1352
1353
2025
1137
887
481
2076
2144
723
382
1539
1621
1830
866
2008
1436
1270
252
1219
1978
2085
28
52
916
458
1163
1701
1076
2289
904
1145
702
1511
2055
2075
1417
1719
1640
2231
957
1822
2210
1714
1437
1607
2175
2212
2233
435
384
1916
2193
2418
1593
1526
1191
2352
943
2059
36
247
708
444
1575
1298
782
138
2396
524
2248
485
1561
529
1209
944
1755
2063
1936
1988
261
189
1178
2321
1827
1829
78
913
1224
2182
1823
1120
602
817
2219
1906
399
450
1953
1283
468
1633
445
70
2180
837
1820
737
1816
2052
1251
329
2070
508
2129
1184
1315
1308
1364
1708
742
1656
793
1214
312
1149
1366
1493
1200
1960
180
754
1777
307
1921
1088
2056
2101
437
1751
1918
1211
1093
1696
2401
946
2108
5
2007
1204
2235
2
1600
1655
534
1770
2253
2013
1661
89
419
92
965
1899
1292
145
706
373
376
404
431
432
1625
941
1264
129
1375
1702
1451
14
82
208
388
2159
20
1014
1529
1585
236
1029
526
1054
1062
1112
393
2072
547
1566
234
1613
1469
1056
1077
442
1329
1154
1383
2203
1259
245
1039
878
1337
1445
3
930
1442
532
2082
400
2318
728
1680
100
1022
595
2113
2106
1595
1065
1123
1669
2001
2265
853
615
790
503
658
861
214
279
1104
2390
1749
39
2023
2120
2026
1432
1363
300
638
1724
1601
2389
271
223
296
480
1806
724
2161
559
1698
851
1142
1802
1472
634
1161
1133
1900
190
276
1630
1410
1349
808
357
315
43
2320
1396
2124
2171
1615
1833
1537
107
2134
1994
972
933
443
1837
2227
910
1568
1382
2097
1850
1627
95
862
1745
420
1905
391
995
738
50
1691
1735
911
1379
1342
1687
976
194
1407
1543
1380
895
150
841
1599
124
1430
2427
516
2094
2366
1130
409
2206
2342
565
183
334
2095
2205
26
114
1492
1937
1941
2081
269
1266
2362
1674
2364
2122
1446
1506
1743
2417
1113
1350
1404
1248
1722
1984
1091
690
1522
1117
2102
2080
1728
857
2164
2319
2090
927
1280
842
1983
147
1815
2098
934
451
585
413
165
991
1326
380
877
2322
2099
844
2104
2058
1583
979
1256
1281
15
1073
1737
102
651
759
394
1995
489
1361
2166
2153
2307
1427
890
1750
656
172
465
1761
1174
814
1748
545
131
816
826
1688
79
1421
1116
1663
133
1500
1279
949
1582
1917
286
1357
2178
850
653
1969
301
1962
864
1509
181
83
673
2019
1772
66
355
349
1031
2258
544
954
1041
859
1768
1400
1699
569
1531
412
2014
1496
2127
2290
1294
2247
625
2010
2195
2111
1946
1914
389
303
166
1102
196
217
514
558
867
1220
2423
2117
317
1968
553
177
1147
971
1756
1334
649
891
898
1726
714
486
2015
2249
1124
1890
974
1897
655
642
2326
1835
1249
1754
2323
40
1359
2188
1057
1455
1418
1811
1852
1367
763
812
475
255
801
280
1504
1296
1273
784
224
1842
1507
1503
2110
1690
1435
1355
657
786
622
281
1019
305
733
584
407
939
601
1591
1692
1556
1477
1180
575
882
1245
459
1631
2126
667
1976
589
804
104
572
2251
2363
2261
561
143
140
144
141
142
1861
523
791
935
1221
1684
2286
84
1460
2024
193
49
159
1385
587
543
2215
984
2131
593
770
1170
1513
909
2426
1970
197
237
1
990
219
1693
751
1801
1358
1465
1788
1933
2334
1831
1313
330
2268
792
1866
2112
9
1291
531
2269
1026
1177
278
1581
2030
31
68
2316
1648
552
321
1415
1525
1668
1538
989
1592
163
1550
2114
374
1660
2338
137
11
1704
1229
1711
1129
2356
116
2077
776
597
980
713
827
1868
1632
336
986
1394
270
966
2369
2168
1253
1110
2303
2202
1369
1434
2392
2002
1066
703
335
982
1268
880
2378
93
1302
893
2422
282
1227
1152
1723
1429
1322
664
627
1552
755
2412
803
434
1286
90
1716
352
1986
1236
1629
2157
1860
1239
464
1403
1408
1447
1255
1314
121
1482
603
463
2292
644
292
2348
1438
1683
220
1834
757
1817
2259
2167
1893
377
1231
1262
1677
719
2225
1744
2284
884
1614
1448
42
125
7
1425
1733
369
1853
1108
260
1312
457
207
1775
2139
1324
1232
899
187
1181
2092
205
1836
2032
1993
1218
1990
1389
1903
677
362
1153
227
363
414
693
167
1278
2191
1035
674
453
2228
1980
112
1974
198
1883
2271
1985
439
1967
1650
1954
2012
358
2057
2086
1381
883
2041
215
1043
1182
1739
1038
1157
1138
304
1551
1865
1459
1004
436
2283
1789
1991
662
975
1636
1597
779
2043
148
1463
1932
2263
774
498
646
1241
2288
1508
777
1541
44
2087
53
135
682
700
2277
1944
2340
35
491
2222
1228
1372
1862
1473
636
154
1235
725
1333
51
493
494
495
496
497
45
537
1819
423
564
722
710
1998
1896
687
1924
1957
2275
32
689
2189
8
839
868
1083
981
2383
1234
1767
1416
1927
1071
707
2170
1271
1260
1033
955
2105
1325
34
609
1064
1290
308
2093
1348
788
2039
1156
835
542
1008
1305
881
1198
665
1584
546
1288
513
711
1667
157
1243
2121
171
1100
666
628
1114
1144
1909
1045
528
510
2333
364
1263
1331
1005
1457
221
1965
1371
182
1397
1603
106
1710
17
1242
249
701
652
1021
1238
2044
1792
2020
2223
1923
63
1732
2257
2413
1546
2295
752
2327
535
983
2123
1963
1516
928
1700
1247
1510
1553
1746
669
694
108
479
903
2021
1106
1858
2179
1502
1577
60
2165
2350
926
1328
2051
1972
1097
1166
1476
2242
2252
1796
1643
2016
2273
810
1729
411
353
1771
427
1901
1844
648
2399
487
2408
2353
798
670
1172
1215
775
472
1887
846
1490
417
1193
1544
170
695
922
951
556
748
73
1387
254
959
134
1287
1624
1678
1195
348
1007
1412
671
2003
91
1479
59
1639
1950
620
1393
1882
1718
618
1606
2036
1388
643
1826
631
1006
1818
1067
2154
750
573
225
1520
1289
659
2278
2351
1562
1567
937
22
268
540
1368
1759
608
243
574
1143
1272
1545
397
283
323
1424
932
2254
2264
894
1781
1542
1578
805
626
2100
1474
410
2060
1411
1854
1293
1790
766
900
1915
1052
2385
696
2221
502
1497
297
1150
2136
316
173
1530
787
907
961
55
372
241
383
807
469
1943
186
126
717
1939
973
259
1952
969
416
1535
1920
1246
1226
1190
192
213
576
577
578
579
580
132
395
1431
449
637
94
1958
1555
1589
477
672
739
1612
2230
1931
2380
1122
1316
1697
505
2291
1911
1402
1053
320
448
1774
1111
438
1284
2096
2011
1175
274
1892
612
2197
1384
1752
2243
831
1189
1616
715
1202
873
1176
629
1715
925
1689
1392
1672
2239
1926
1658
371
1638
1644
571
478
295
2133
446
1628
756
1486
639
1753
936
2420
726
987
1115
1365
2172
1335
2226
875
1785
2415
1579
398
381
834
2069
698
855
590
1454
350
1573
1478
2272
2045
1098
1024
1377
328
1979
169
164
473
1440
2300
888
918
490
1645
1913
1886
554
1140
660
1536
2204
1340
476
1517
1885
1769
2140
1766
1891
1468
2155
392
1036
616
1304
1118
2048
1725
1955
1339
1078
1652
1405
1942
1653
2328
2354
772
915
2183
1804
1261
2199
2388
583
396
2256
1132
452
1327
2009
2074
1499
566
1373
2296
54
2421
2397
1485
62
61
1015
222
86
405
1518
2229
1557
1803
2118
1966
2387
2405
1930
1179
1050
1079
1527
1540
1786
2361
1713
1812
2360
462
2224
2029
1843
1099
1188
592
56
996
2145
1012
1709
743
2017
1319
2137
48
768
2217
1074
1501
333
1419
1598
1560
1618
683
1323
830
1072
2246
560
567
2192
2151
548
16
1889
206
2181
1338
1433
1040
2064
1840
57
1784
1864
184
833
284
1741
1515
527
619
1321
860
978
2344
2068
311
273
1671
2395
515
613
1626
2031
1534
1069
168
1740
762
1171
950
191
849
1686
1467
1894
118
1406
2374
2260
747
908
2402
105
359
1413
1082
1730
1011
2312
2308
466
962
1635
1763
2149
2022
1301
736
697
201
919
365
415
72
2084
127
796
216
178
1452
291
1426
727
661
1274
2424
2311
1030
1346
1167
433
441
1362
2376
1464
1999
1548
1706
1808
1888
1571
1505
1136
